000010101201000112340950
000100101201000112342050
000100101201100212341050
000101001201100212341050
000100102201100212342000
000100302201100112342000
000102502201100212342000
000100103201200312342120
000100104201200312341980
000100105201300112341000
000110102200900212341050
000111203200900212341050
000110102201000312341050
000110106201000112340500
000110406201000112340500
000110102201100312341050
000110405201100312341050
000110308201100312341050
000110107201600212340200
000110107201800212340200
000110102202100312341050
000120102201200312341050
000120108201200212342120
000121109201200312341050
000120109201300312341000
000120109201600312341000
000120102202000312341050
000120102202200312341050
