0000120100101304090256891234100001                                              
0000120110101304090256891234105002                                              
0000120120101304090252661234050002                                              
0000120130101304090252661234050001                                              
0000120140101304090254671234080003                                              
0000220100101304090256891234205001                                              
0000220100201304090254671234105003                                              
0000220110101304090252661234105002                                              
0000220110110304090252661234105002                                              
0000220110201304090252661234200001                                              
0000220110203304090256891234200002                                              
0000220110225304090252661234200003                                              
0000220120301304090254671234212001                                              
0000220120401304090254671234198001                                              
0000220130501304090256891234100002                                              
0000320090201304090254671234105002                                              
0000320090312304090252661234105002                                              
0000320100101304090256891234205001                                              
0000320100201304090254671234105003                                              
0000320100601304090256891234050001                                              
0000320100604304090256891234050001                                              
0000320110201304090254671234105002                                              
0000320110504304090254671234105003                                              
0000320110803304090254671234105001                                              
0000420100101304090256891234205001                                              
0000420120201304090254671234105002                                              
0000420120801304090252661234212003                                              
0000420130901304090254671234100001                                              
0000420160201304090254671234100001                                              
0000420160301304090254671234050002                                              
                                                                                
000012898789003Consultor ign            Laprida 222         0111567900341       
000023714321503Javier Ugarte            Laprida 534         0111567900341       
000031123092501Miki Perez               Paraguay 666        0111588888888       
000041249164502Lula Julia               Av. siempreviva 123 0111522222222       
                                                                                
001ARCOR S.A.               Paraguay 3234       1545136932          30409025689 
002LA SERENISIMA S.A.       Arrayanes 3234      1545136932          30409025266 
003ILOLAY S.A.              Beruti 3234         1545136932          30409025467 
                                                                                
01010010000                                                                     
01020020000                                                                     
01030030000                                                                     
02010015000                                                                     
02020025000                                                                     
02030035000                                                                     
03010020000                                                                     
03020030000                                                                     
03030040000                                                                     
04010010000                                                                     
04020030000                                                                     
04030050000                                                                     
