00001010120100011234095001
00010010120100011234205001
00010010120110021234105002
00010100120110021234105002
00010010220110021234200001
00010030220110011234200002
00010250220110021234200003
00010010320120031234212001
00010010420120031234198001
00010010520130011234100002
00011010220090021234105002
00011120320090021234105002
00011010220100031234105003
00011010620100011234050001
00011040620100011234050001
00011010220110031234105002
00011040520110031234105003
00011030820110031234105001
00012010220120031234105002
00012010820120021234212003
00012110920120031234105003
00012010920130031234100001
00012010920160031234100001
